100 0
200 0
300 0
400 0
500 5276
600 0
700 0
800 3241
900 0
1000 0
1100 3304
1200 0
1300 4640
1400 242
1500 0
1600 0
1700 8241
1800 5101
1900 3932
2000 0
2100 7510
2200 8337
2300 0
2400 8270
2500 8434
2600 8217
2700 8108
2800 8158
2900 8320
3000 8259
3100 8288
3200 16468
3300 8250
3400 16775
3500 8275
3600 16531
3700 16556
3800 16488
3900 16119
4000 25052
4100 24336
4200 17018
4300 16900
4400 24324
4500 17090
4600 23996
4700 25243
4800 25316
4900 25281
5000 24700
5100 33235
5200 34123
5300 33992
5400 39286
5500 32299
5600 33524
5700 40431
5800 33384
5900 40482
6000 33571
6100 40756
6200 41612
6300 49719
6400 49479
6500 52055
6600 65522
6700 55333
6800 66335
6900 65781
7000 64997
7100 56965
7200 57747
7300 58217
7400 58110
7500 73842
7600 73322
7700 73484
7800 65787
7900 73450
8000 67172
8100 81742
8200 66247
8300 89913
8400 88927
8500 82173
8600 91672
8700 90007
8800 91116
8900 99656
9000 89858
9100 90709
9200 105844
9300 108814
9400 106124
9500 99444
9600 113966
9700 125728
9800 136856
9900 149012
10000 137088
