# Tamanho_do_Vetor Tempo_de_Execucao
100 21
110 18
120 20
130 21
140 25
150 25
160 27
170 30
180 31
190 33
200 35
210 40
220 42
230 40
240 23
250 25
260 24
270 25
280 26
290 27
300 28
310 29
320 29
330 31
340 32
350 34
360 37
370 36
380 38
390 37
400 38
410 40
420 40
430 42
440 42
450 42
460 48
470 47
480 48
490 53
500 48
510 49
520 50
530 51
540 52
550 53
560 54
570 55
580 56
590 59
600 59
610 63
620 60
630 60
640 61
650 62
660 64
670 70
680 66
690 67
700 68
710 70
720 72
730 73
740 75
750 74
760 74
770 76
780 80
790 81
800 79
810 88
820 80
830 81
840 83
850 85
860 86
870 87
880 95
890 86
900 87
910 89
920 90
930 92
940 93
950 95
960 95
970 103
980 99
990 100
1000 102
1010 100
1020 102
1030 102
1040 104
1050 113
1060 106
1070 106
1080 108
1090 109
1100 110
1110 112
1120 118
1130 113
1140 114
1150 114
1160 117
1170 118
1180 120
1190 124
1200 121
1210 122
1220 123
1230 124
1240 132
1250 130
1260 200
1270 179
1280 182
1290 184
1300 234
1310 254
1320 204
1330 176
1340 158
1350 136
1360 140
1370 141
1380 143
1390 144
1400 144
1410 145
1420 150
1430 147
1440 147
1450 228
1460 212
1470 212
1480 216
1490 206
1500 178
1510 160
1520 154
1530 157
1540 158
1550 158
1560 161
1570 162
1580 163
1590 164
1600 163
1610 167
1620 167
1630 185
1640 169
1650 168
1660 177
1670 170
1680 180
1690 173
1700 174
1710 176
1720 178
1730 180
1740 180
1750 180
1760 181
1770 183
1780 184
1790 186
1800 187
1810 189
1820 188
1830 191
1840 192
1850 193
1860 195
1870 196
1880 197
1890 200
1900 210
1910 198
1920 200
1930 206
1940 205
1950 203
1960 205
1970 207
1980 254
1990 322
2000 294
2010 302
2020 286
2030 244
2040 209
2050 213
2060 213
2070 218
2080 216
2090 223
2100 219
2110 224
2120 222
2130 225
2140 228
2150 226
2160 225
2170 226
2180 230
2190 232
2200 233
2210 233
2220 234
2230 234
2240 236
2250 244
2260 239
2270 240
2280 244
2290 245
2300 241
2310 266
2320 242
2330 245
2340 249
2350 250
2360 249
2370 250
2380 263
2390 255
2400 258
2410 258
2420 256
2430 258
2440 274
2450 279
2460 273
2470 263
2480 263
2490 263
2500 298
2510 265
2520 268
2530 272
2540 268
2550 269
2560 272
2570 271
2580 275
2590 278
2600 277
2610 280
2620 278
2630 280
2640 284
2650 283
2660 287
2670 290
2680 283
2690 285
2700 289
2710 289
2720 296
2730 289
2740 296
2750 293
2760 295
2770 297
2780 413
2790 435
2800 487
2810 302
2820 310
2830 308
2840 303
2850 323
2860 302
2870 306
2880 316
2890 311
2900 335
2910 457
2920 329
2930 312
2940 312
2950 326
2960 316
2970 322
2980 367
2990 322
3000 327
3010 324
3020 341
3030 322
3040 330
3050 335
3060 326
3070 346
3080 365
3090 504
3100 745
3110 527
3120 416
3130 335
3140 338
3150 371
3160 347
3170 355
3180 344
3190 347
3200 344
3210 349
3220 348
3230 452
3240 541
3250 421
3260 374
3270 543
3280 607
3290 410
3300 367
3310 356
3320 364
3330 418
3340 519
3350 476
3360 381
3370 367
3380 401
3390 379
3400 368
3410 371
3420 400
3430 410
3440 409
3450 393
3460 385
3470 381
3480 467
3490 440
3500 390
3510 380
3520 383
3530 382
3540 387
3550 393
3560 446
3570 384
3580 389
3590 390
3600 404
3610 540
3620 391
3630 391
3640 411
3650 401
3660 401
3670 400
3680 406
3690 409
3700 519
3710 572
3720 474
3730 443
3740 406
3750 413
3760 407
3770 420
3780 411
3790 419
3800 414
3810 444
3820 422
3830 420
3840 421
3850 422
3860 435
3870 420
3880 424
3890 427
3900 434
3910 425
3920 431
3930 429
3940 471
3950 428
3960 434
3970 431
3980 453
3990 436
4000 433
4010 440
4020 433
4030 438
4040 436
4050 483
4060 442
4070 442
4080 445
4090 441
4100 451
4110 445
4120 469
4130 448
4140 450
4150 459
4160 451
4170 457
4180 454
4190 465
4200 463
4210 461
4220 465
4230 464
4240 482
4250 465
4260 473
4270 467
4280 469
4290 514
4300 471
4310 535
4320 494
4330 510
4340 649
4350 514
4360 798
4370 768
4380 894
4390 887
4400 774
4410 745
4420 837
4430 814
4440 755
4450 848
4460 604
4470 709
4480 635
4490 597
4500 546
4510 566
4520 566
4530 614
4540 549
4550 557
4560 572
4570 571
4580 670
4590 751
4600 699
4610 578
4620 583
4630 633
4640 570
4650 562
4660 849
4670 650
4680 643
4690 623
4700 872
4710 812
4720 736
4730 702
4740 629
4750 586
4760 718
4770 810
4780 885
4790 655
4800 605
4810 690
4820 816
4830 611
4840 596
4850 642
4860 600
4870 600
4880 596
4890 619
4900 602
4910 556
4920 543
4930 549
4940 548
4950 548
4960 548
4970 556
4980 719
4990 783
5000 709
5010 641
5020 606
5030 667
5040 641
5050 611
5060 608
5070 608
5080 575
5090 573
5100 653
5110 840
5120 667
5130 560
5140 740
5150 607
5160 617
5170 628
5180 628
5190 638
5200 629
5210 647
5220 631
5230 593
5240 585
5250 644
5260 665
5270 619
5280 886
5290 692
5300 669
5310 598
5320 668
5330 603
5340 612
5350 793
5360 819
5370 624
5380 609
5390 618
5400 645
5410 626
5420 834
5430 615
5440 646
5450 1013
5460 926
5470 731
5480 610
5490 761
5500 649
5510 705
5520 644
5530 684
5540 630
5550 926
5560 731
5570 617
5580 652
5590 769
5600 697
5610 735
5620 639
5630 703
5640 648
5650 683
5660 784
5670 699
5680 721
5690 663
5700 759
5710 667
5720 734
5730 678
5740 644
5750 759
5760 717
5770 744
5780 683
5790 933
5800 785
5810 710
5820 796
5830 830
5840 692
5850 732
5860 754
5870 685
5880 752
5890 673
5900 741
5910 671
5920 742
5930 713
5940 699
5950 939
5960 713
5970 813
5980 753
5990 866
6000 720
6010 763
6020 715
6030 875
6040 771
6050 781
6060 797
6070 850
6080 742
6090 788
6100 769
6110 774
6120 742
6130 709
6140 868
6150 807
6160 953
6170 833
6180 762
6190 725
6200 825
6210 719
6220 857
6230 738
6240 768
6250 733
6260 824
6270 723
6280 802
6290 706
6300 839
6310 774
6320 821
6330 892
6340 858
6350 774
6360 762
6370 776
6380 789
6390 748
6400 780
6410 768
6420 725
6430 975
6440 763
6450 773
6460 735
6470 758
6480 772
6490 783
6500 745
6510 761
6520 740
6530 759
6540 738
6550 737
6560 872
6570 766
6580 1017
6590 797
6600 774
6610 752
6620 857
6630 745
6640 869
6650 767
6660 801
6670 747
6680 1118
6690 853
6700 812
6710 1000
6720 763
6730 828
6740 814
6750 855
6760 942
6770 1341
6780 858
6790 1154
6800 916
6810 821
6820 1216
6830 878
6840 1256
6850 1278
6860 1386
6870 1357
6880 1157
6890 900
6900 4881
6910 1306
6920 1483
6930 1315
6940 1328
6950 1320
6960 1382
6970 1333
6980 1358
6990 1325
7000 1015
7010 880
7020 1336
7030 1344
7040 1490
7050 1453
7060 1316
7070 1283
7080 1548
7090 1323
7100 1047
7110 887
7120 981
7130 886
7140 1341
7150 1262
7160 1539
7170 1203
7180 946
7190 1123
7200 1388
7210 1962
7220 1281
7230 1159
7240 1339
7250 1202
7260 994
7270 1262
7280 1028
7290 990
7300 1350
7310 1660
7320 2042
7330 1591
7340 1900
7350 1929
7360 2004
7370 1521
7380 1022
7390 1127
7400 936
7410 860
7420 961
7430 1108
7440 978
7450 1035
7460 1024
7470 927
7480 989
7490 855
7500 861
7510 887
7520 879
7530 1013
7540 860
7550 872
7560 864
7570 1138
7580 874
7590 861
7600 877
7610 994
7620 1387
7630 867
7640 882
7650 903
7660 874
7670 882
7680 907
7690 888
7700 884
7710 1545
7720 1205
7730 892
7740 1131
7750 1222
7760 1163
7770 979
7780 1178
7790 931
7800 901
7810 892
7820 931
7830 1052
7840 1195
7850 949
7860 902
7870 915
7880 900
7890 947
7900 912
7910 902
7920 898
7930 903
7940 917
7950 914
7960 903
7970 911
7980 924
7990 917
8000 929
8010 991
8020 917
8030 915
8040 1249
8050 909
8060 920
8070 914
8080 1393
8090 1450
8100 1014
8110 925
8120 926
8130 920
8140 936
8150 924
8160 932
8170 924
8180 1066
8190 935
8200 928
8210 938
8220 1210
8230 1106
8240 934
8250 940
8260 1180
8270 972
8280 945
8290 1067
8300 951
8310 975
8320 1094
8330 1413
8340 969
8350 965
8360 1005
8370 1646
8380 1115
8390 1093
8400 1187
8410 1151
8420 1010
8430 1195
8440 978
8450 969
8460 983
8470 1679
8480 1090
8490 981
8500 1395
8510 1056
8520 978
8530 1003
8540 985
8550 989
8560 997
8570 987
8580 1428
8590 1532
8600 1004
8610 991
8620 1028
8630 1057
8640 1041
8650 999
8660 993
8670 1013
8680 995
8690 1022
8700 1575
8710 1120
8720 1111
8730 1215
8740 1167
8750 1085
8760 1218
8770 1420
8780 1019
8790 1039
8800 1030
8810 1378
8820 1046
8830 1060
8840 1036
8850 1024
8860 1247
8870 1456
8880 1040
8890 1051
8900 1039
8910 1023
8920 1036
8930 1041
8940 1030
8950 1032
8960 1032
8970 1057
8980 1605
8990 1102
9000 1433
9010 1336
9020 1269
9030 1219
9040 1455
9050 1086
9060 1234
9070 1147
9080 1048
9090 1063
9100 1047
9110 1054
9120 1049
9130 1059
9140 1051
9150 1069
9160 1050
9170 1159
9180 1073
9190 1076
9200 1052
9210 1069
9220 1052
9230 1399
9240 1404
9250 1237
9260 1234
9270 1265
9280 1221
9290 1198
9300 1351
9310 1070
9320 1128
9330 1147
9340 1343
9350 1123
9360 1084
9370 1340
9380 1084
9390 1102
9400 1093
9410 1081
9420 1110
9430 1097
9440 1118
9450 1088
9460 1108
9470 1126
9480 1108
9490 2292
9500 1159
9510 1275
9520 1359
9530 1276
9540 1433
9550 1379
9560 1313
9570 1121
9580 1223
9590 1196
9600 1112
9610 1119
9620 1149
9630 1112
9640 1154
9650 1115
9660 1734
9670 2046
9680 1167
9690 1200
9700 1815
9710 1957
9720 1637
9730 1669
9740 1909
9750 1645
9760 1704
9770 1809
9780 1524
9790 1352
9800 1924
9810 1351
9820 1331
9830 1261
9840 1476
9850 1550
9860 1548
9870 1346
9880 1425
9890 1338
9900 1810
9910 1498
9920 1548
9930 1314
9940 1413
9950 1852
9960 1650
9970 1407
9980 1173
9990 1206
10000 1405
