100 0.000000
200 0.000000
300 0.000000
400 0.000000
500 0.000000
600 0.000000
700 0.008000
800 0.000000
900 0.000000
1000 0.000000
1100 0.000000
1200 0.008000
1300 0.000000
1400 0.008000
1500 0.000000
1600 0.009000
1700 0.000000
1800 0.008000
1900 0.009000
2000 0.008000
2100 0.008000
2200 0.008000
2300 0.009000
2400 0.008000
2500 0.008000
2600 0.017000
2700 0.008000
2800 0.017000
2900 0.017000
3000 0.016000
3100 0.017000
3200 0.016000
3300 0.025000
3400 0.018000
3500 0.022000
3600 0.025000
3700 0.024000
3800 0.024000
3900 0.025000
4000 0.025000
4100 0.032000
4200 0.033000
4300 0.033000
4400 0.032000
4500 0.041000
4600 0.040000
4700 0.049000
4800 0.041000
4900 0.049000
5000 0.041000
5100 0.040000
5200 0.048000
5300 0.057000
5400 0.050000
5500 0.065000
5600 0.068000
5700 0.080000
5800 0.074000
5900 0.091000
6000 0.073000
6100 0.073000
6200 0.083000
6300 0.082000
6400 0.090000
6500 0.074000
6600 0.081000
6700 0.073000
6800 0.097000
6900 0.082000
7000 0.091000
7100 0.098000
7200 0.096000
7300 0.089000
7400 0.097000
7500 0.099000
7600 0.096000
7700 0.105000
7800 0.113000
7900 0.114000
8000 0.113000
8100 0.114000
8200 0.114000
8300 0.121000
8400 0.132000
8500 0.121000
8600 0.129000
8700 0.131000
8800 0.136000
8900 0.138000
9000 0.142000
9100 0.146000
9200 0.162000
9300 0.154000
9400 0.153000
9500 0.153000
9600 0.164000
9700 0.167000
9800 0.165000
9900 0.170000
10000 0.177000
